l4.0.module.bias tensor([0., 0., 0., 0., 0., 0., 0., 0., 0., 0., 0., 0., 0., 0., 0., 0., 0., 0.,
        0., 0., 0., 0., 0., 0., 0., 0., 0., 0., 0., 0., 0., 0., 0., 0., 0., 0.,
        0., 0., 0., 0., 0., 0., 0., 0., 0., 0., 0., 0., 0., 0., 0., 0., 0., 0.,
        0., 0., 0., 0., 0., 0., 0., 0., 0., 0., 0., 0., 0., 0., 0., 0., 0., 0.,
        0., 0., 0., 0., 0., 0., 0., 0., 0., 0., 0., 0., 0., 0., 0., 0., 0., 0.,
        0., 0., 0., 0., 0., 0., 0., 0., 0., 0., 0., 0., 0., 0., 0., 0., 0., 0.,
        0., 0., 0., 0., 0., 0., 0., 0., 0., 0., 0., 0., 0., 0., 0., 0., 0., 0.,
        0., 0., 0., 0., 0., 0., 0., 0., 0., 0., 0., 0., 0., 0., 0., 0., 0., 0.,
        0., 0., 0., 0., 0., 0., 0., 0., 0., 0., 0., 0., 0., 0., 0., 0., 0., 0.,
        0., 0., 0., 0., 0., 0., 0., 0., 0., 0., 0., 0., 0., 0., 0., 0., 0., 0.,
        0., 0., 0., 0., 0., 0., 0., 0., 0., 0., 0., 0., 0., 0., 0., 0., 0., 0.,
        0., 0., 0., 0., 0., 0., 0., 0., 0., 0., 0., 0., 0., 0., 0., 0., 0., 0.,
        0., 0., 0., 0., 0., 0., 0., 0., 0., 0., 0., 0., 0., 0., 0., 0., 0., 0.,
        0., 0., 0., 0., 0., 0., 0., 0., 0., 0., 0., 0., 0., 0., 0., 0., 0., 0.,
        0., 0., 0., 0., 0., 0., 0., 0., 0., 0., 0., 0., 0., 0., 0., 0., 0., 0.,
        0., 0., 0., 0., 0., 0., 0., 0., 0., 0., 0., 0., 0., 0., 0., 0., 0., 0.,
        0., 0., 0., 0., 0., 0., 0., 0., 0., 0., 0., 0., 0., 0., 0., 0., 0., 0.,
        0., 0., 0., 0., 0., 0., 0., 0., 0., 0., 0., 0., 0., 0., 0., 0., 0., 0.,
        0., 0., 0., 0., 0., 0., 0., 0., 0., 0., 0., 0., 0., 0., 0., 0., 0., 0.,
        0., 0., 0., 0., 0., 0., 0., 0., 0., 0., 0., 0., 0., 0., 0., 0., 0., 0.,
        0., 0., 0., 0., 0., 0., 0., 0., 0., 0., 0., 0., 0., 0., 0., 0., 0., 0.,
        0., 0., 0., 0., 0., 0., 0., 0., 0., 0., 0., 0., 0., 0., 0., 0., 0., 0.,
        0., 0., 0., 0., 0., 0., 0., 0., 0., 0., 0., 0., 0., 0., 0., 0., 0., 0.,
        0., 0., 0., 0., 0., 0., 0., 0., 0., 0., 0., 0., 0., 0., 0., 0., 0., 0.,
        0., 0., 0., 0., 0., 0., 0., 0., 0., 0., 0., 0., 0., 0., 0., 0., 0., 0.,
        0., 0., 0., 0., 0., 0., 0., 0., 0., 0., 0., 0., 0., 0., 0., 0., 0., 0.,
        0., 0., 0., 0., 0., 0., 0., 0., 0., 0., 0., 0., 0., 0., 0., 0., 0., 0.,
        0., 0., 0., 0., 0., 0., 0., 0., 0., 0., 0., 0., 0., 0., 0., 0., 0., 0.,
        0., 0., 0., 0., 0., 0., 0., 0.], device='cuda:0')l4.0.module.weight_u Nonel4.0.module.weight_v Nonel4.0.module.weight_bar tensor([[[[0., 0., 0., 0.],
          [0., 0., 0., 0.],
          [0., 0., 0., 0.],
          [0., 0., 0., 0.]],

         [[0., 0., 0., 0.],
          [0., 0., 0., 0.],
          [0., 0., 0., 0.],
          [0., 0., 0., 0.]],

         [[0., 0., 0., 0.],
          [0., 0., 0., 0.],
          [0., 0., 0., 0.],
          [0., 0., 0., 0.]],

         ...,

         [[0., 0., 0., 0.],
          [0., 0., 0., 0.],
          [0., 0., 0., 0.],
          [0., 0., 0., 0.]],

         [[0., 0., 0., 0.],
          [0., 0., 0., 0.],
          [0., 0., 0., 0.],
          [0., 0., 0., 0.]],

         [[0., 0., 0., 0.],
          [0., 0., 0., 0.],
          [0., 0., 0., 0.],
          [0., 0., 0., 0.]]],


        [[[0., 0., 0., 0.],
          [0., 0., 0., 0.],
          [0., 0., 0., 0.],
          [0., 0., 0., 0.]],

         [[0., 0., 0., 0.],
          [0., 0., 0., 0.],
          [0., 0., 0., 0.],
          [0., 0., 0., 0.]],

         [[0., 0., 0., 0.],
          [0., 0., 0., 0.],
          [0., 0., 0., 0.],
          [0., 0., 0., 0.]],

         ...,

         [[0., 0., 0., 0.],
          [0., 0., 0., 0.],
          [0., 0., 0., 0.],
          [0., 0., 0., 0.]],

         [[0., 0., 0., 0.],
          [0., 0., 0., 0.],
          [0., 0., 0., 0.],
          [0., 0., 0., 0.]],

         [[0., 0., 0., 0.],
          [0., 0., 0., 0.],
          [0., 0., 0., 0.],
          [0., 0., 0., 0.]]],


        [[[0., 0., 0., 0.],
          [0., 0., 0., 0.],
          [0., 0., 0., 0.],
          [0., 0., 0., 0.]],

         [[0., 0., 0., 0.],
          [0., 0., 0., 0.],
          [0., 0., 0., 0.],
          [0., 0., 0., 0.]],

         [[0., 0., 0., 0.],
          [0., 0., 0., 0.],
          [0., 0., 0., 0.],
          [0., 0., 0., 0.]],

         ...,

         [[0., 0., 0., 0.],
          [0., 0., 0., 0.],
          [0., 0., 0., 0.],
          [0., 0., 0., 0.]],

         [[0., 0., 0., 0.],
          [0., 0., 0., 0.],
          [0., 0., 0., 0.],
          [0., 0., 0., 0.]],

         [[0., 0., 0., 0.],
          [0., 0., 0., 0.],
          [0., 0., 0., 0.],
          [0., 0., 0., 0.]]],


        ...,


        [[[0., 0., 0., 0.],
          [0., 0., 0., 0.],
          [0., 0., 0., 0.],
          [0., 0., 0., 0.]],

         [[0., 0., 0., 0.],
          [0., 0., 0., 0.],
          [0., 0., 0., 0.],
          [0., 0., 0., 0.]],

         [[0., 0., 0., 0.],
          [0., 0., 0., 0.],
          [0., 0., 0., 0.],
          [0., 0., 0., 0.]],

         ...,

         [[0., 0., 0., 0.],
          [0., 0., 0., 0.],
          [0., 0., 0., 0.],
          [0., 0., 0., 0.]],

         [[0., 0., 0., 0.],
          [0., 0., 0., 0.],
          [0., 0., 0., 0.],
          [0., 0., 0., 0.]],

         [[0., 0., 0., 0.],
          [0., 0., 0., 0.],
          [0., 0., 0., 0.],
          [0., 0., 0., 0.]]],


        [[[0., 0., 0., 0.],
          [0., 0., 0., 0.],
          [0., 0., 0., 0.],
          [0., 0., 0., 0.]],

         [[0., 0., 0., 0.],
          [0., 0., 0., 0.],
          [0., 0., 0., 0.],
          [0., 0., 0., 0.]],

         [[0., 0., 0., 0.],
          [0., 0., 0., 0.],
          [0., 0., 0., 0.],
          [0., 0., 0., 0.]],

         ...,

         [[0., 0., 0., 0.],
          [0., 0., 0., 0.],
          [0., 0., 0., 0.],
          [0., 0., 0., 0.]],

         [[0., 0., 0., 0.],
          [0., 0., 0., 0.],
          [0., 0., 0., 0.],
          [0., 0., 0., 0.]],

         [[0., 0., 0., 0.],
          [0., 0., 0., 0.],
          [0., 0., 0., 0.],
          [0., 0., 0., 0.]]],


        [[[0., 0., 0., 0.],
          [0., 0., 0., 0.],
          [0., 0., 0., 0.],
          [0., 0., 0., 0.]],

         [[0., 0., 0., 0.],
          [0., 0., 0., 0.],
          [0., 0., 0., 0.],
          [0., 0., 0., 0.]],

         [[0., 0., 0., 0.],
          [0., 0., 0., 0.],
          [0., 0., 0., 0.],
          [0., 0., 0., 0.]],

         ...,

         [[0., 0., 0., 0.],
          [0., 0., 0., 0.],
          [0., 0., 0., 0.],
          [0., 0., 0., 0.]],

         [[0., 0., 0., 0.],
          [0., 0., 0., 0.],
          [0., 0., 0., 0.],
          [0., 0., 0., 0.]],

         [[0., 0., 0., 0.],
          [0., 0., 0., 0.],
          [0., 0., 0., 0.],
          [0., 0., 0., 0.]]]], device='cuda:0')l1.0.module.bias tensor([0., 0., 0., 0., 0., 0., 0., 0., 0., 0., 0., 0., 0., 0., 0., 0., 0., 0.,
        0., 0., 0., 0., 0., 0., 0., 0., 0., 0., 0., 0., 0., 0., 0., 0., 0., 0.,
        0., 0., 0., 0., 0., 0., 0., 0., 0., 0., 0., 0., 0., 0., 0., 0., 0., 0.,
        0., 0., 0., 0., 0., 0., 0., 0., 0., 0.], device='cuda:0')l1.0.module.weight_u Nonel1.0.module.weight_v Nonel1.0.module.weight_bar tensor([[[[0., 0., 0., 0.],
          [0., 0., 0., 0.],
          [0., 0., 0., 0.],
          [0., 0., 0., 0.]],

         [[0., 0., 0., 0.],
          [0., 0., 0., 0.],
          [0., 0., 0., 0.],
          [0., 0., 0., 0.]],

         [[0., 0., 0., 0.],
          [0., 0., 0., 0.],
          [0., 0., 0., 0.],
          [0., 0., 0., 0.]],

         ...,

         [[0., 0., 0., 0.],
          [0., 0., 0., 0.],
          [0., 0., 0., 0.],
          [0., 0., 0., 0.]],

         [[0., 0., 0., 0.],
          [0., 0., 0., 0.],
          [0., 0., 0., 0.],
          [0., 0., 0., 0.]],

         [[0., 0., 0., 0.],
          [0., 0., 0., 0.],
          [0., 0., 0., 0.],
          [0., 0., 0., 0.]]],


        [[[0., 0., 0., 0.],
          [0., 0., 0., 0.],
          [0., 0., 0., 0.],
          [0., 0., 0., 0.]],

         [[0., 0., 0., 0.],
          [0., 0., 0., 0.],
          [0., 0., 0., 0.],
          [0., 0., 0., 0.]],

         [[0., 0., 0., 0.],
          [0., 0., 0., 0.],
          [0., 0., 0., 0.],
          [0., 0., 0., 0.]],

         ...,

         [[0., 0., 0., 0.],
          [0., 0., 0., 0.],
          [0., 0., 0., 0.],
          [0., 0., 0., 0.]],

         [[0., 0., 0., 0.],
          [0., 0., 0., 0.],
          [0., 0., 0., 0.],
          [0., 0., 0., 0.]],

         [[0., 0., 0., 0.],
          [0., 0., 0., 0.],
          [0., 0., 0., 0.],
          [0., 0., 0., 0.]]],


        [[[0., 0., 0., 0.],
          [0., 0., 0., 0.],
          [0., 0., 0., 0.],
          [0., 0., 0., 0.]],

         [[0., 0., 0., 0.],
          [0., 0., 0., 0.],
          [0., 0., 0., 0.],
          [0., 0., 0., 0.]],

         [[0., 0., 0., 0.],
          [0., 0., 0., 0.],
          [0., 0., 0., 0.],
          [0., 0., 0., 0.]],

         ...,

         [[0., 0., 0., 0.],
          [0., 0., 0., 0.],
          [0., 0., 0., 0.],
          [0., 0., 0., 0.]],

         [[0., 0., 0., 0.],
          [0., 0., 0., 0.],
          [0., 0., 0., 0.],
          [0., 0., 0., 0.]],

         [[0., 0., 0., 0.],
          [0., 0., 0., 0.],
          [0., 0., 0., 0.],
          [0., 0., 0., 0.]]],


        ...,


        [[[0., 0., 0., 0.],
          [0., 0., 0., 0.],
          [0., 0., 0., 0.],
          [0., 0., 0., 0.]],

         [[0., 0., 0., 0.],
          [0., 0., 0., 0.],
          [0., 0., 0., 0.],
          [0., 0., 0., 0.]],

         [[0., 0., 0., 0.],
          [0., 0., 0., 0.],
          [0., 0., 0., 0.],
          [0., 0., 0., 0.]],

         ...,

         [[0., 0., 0., 0.],
          [0., 0., 0., 0.],
          [0., 0., 0., 0.],
          [0., 0., 0., 0.]],

         [[0., 0., 0., 0.],
          [0., 0., 0., 0.],
          [0., 0., 0., 0.],
          [0., 0., 0., 0.]],

         [[0., 0., 0., 0.],
          [0., 0., 0., 0.],
          [0., 0., 0., 0.],
          [0., 0., 0., 0.]]],


        [[[0., 0., 0., 0.],
          [0., 0., 0., 0.],
          [0., 0., 0., 0.],
          [0., 0., 0., 0.]],

         [[0., 0., 0., 0.],
          [0., 0., 0., 0.],
          [0., 0., 0., 0.],
          [0., 0., 0., 0.]],

         [[0., 0., 0., 0.],
          [0., 0., 0., 0.],
          [0., 0., 0., 0.],
          [0., 0., 0., 0.]],

         ...,

         [[0., 0., 0., 0.],
          [0., 0., 0., 0.],
          [0., 0., 0., 0.],
          [0., 0., 0., 0.]],

         [[0., 0., 0., 0.],
          [0., 0., 0., 0.],
          [0., 0., 0., 0.],
          [0., 0., 0., 0.]],

         [[0., 0., 0., 0.],
          [0., 0., 0., 0.],
          [0., 0., 0., 0.],
          [0., 0., 0., 0.]]],


        [[[0., 0., 0., 0.],
          [0., 0., 0., 0.],
          [0., 0., 0., 0.],
          [0., 0., 0., 0.]],

         [[0., 0., 0., 0.],
          [0., 0., 0., 0.],
          [0., 0., 0., 0.],
          [0., 0., 0., 0.]],

         [[0., 0., 0., 0.],
          [0., 0., 0., 0.],
          [0., 0., 0., 0.],
          [0., 0., 0., 0.]],

         ...,

         [[0., 0., 0., 0.],
          [0., 0., 0., 0.],
          [0., 0., 0., 0.],
          [0., 0., 0., 0.]],

         [[0., 0., 0., 0.],
          [0., 0., 0., 0.],
          [0., 0., 0., 0.],
          [0., 0., 0., 0.]],

         [[0., 0., 0., 0.],
          [0., 0., 0., 0.],
          [0., 0., 0., 0.],
          [0., 0., 0., 0.]]]], device='cuda:0')l2.0.module.bias tensor([0., 0., 0., 0., 0., 0., 0., 0., 0., 0., 0., 0., 0., 0., 0., 0., 0., 0.,
        0., 0., 0., 0., 0., 0., 0., 0., 0., 0., 0., 0., 0., 0., 0., 0., 0., 0.,
        0., 0., 0., 0., 0., 0., 0., 0., 0., 0., 0., 0., 0., 0., 0., 0., 0., 0.,
        0., 0., 0., 0., 0., 0., 0., 0., 0., 0., 0., 0., 0., 0., 0., 0., 0., 0.,
        0., 0., 0., 0., 0., 0., 0., 0., 0., 0., 0., 0., 0., 0., 0., 0., 0., 0.,
        0., 0., 0., 0., 0., 0., 0., 0., 0., 0., 0., 0., 0., 0., 0., 0., 0., 0.,
        0., 0., 0., 0., 0., 0., 0., 0., 0., 0., 0., 0., 0., 0., 0., 0., 0., 0.,
        0., 0.], device='cuda:0')l2.0.module.weight_u Nonel2.0.module.weight_v Nonel2.0.module.weight_bar tensor([[[[0., 0., 0., 0.],
          [0., 0., 0., 0.],
          [0., 0., 0., 0.],
          [0., 0., 0., 0.]],

         [[0., 0., 0., 0.],
          [0., 0., 0., 0.],
          [0., 0., 0., 0.],
          [0., 0., 0., 0.]],

         [[0., 0., 0., 0.],
          [0., 0., 0., 0.],
          [0., 0., 0., 0.],
          [0., 0., 0., 0.]],

         ...,

         [[0., 0., 0., 0.],
          [0., 0., 0., 0.],
          [0., 0., 0., 0.],
          [0., 0., 0., 0.]],

         [[0., 0., 0., 0.],
          [0., 0., 0., 0.],
          [0., 0., 0., 0.],
          [0., 0., 0., 0.]],

         [[0., 0., 0., 0.],
          [0., 0., 0., 0.],
          [0., 0., 0., 0.],
          [0., 0., 0., 0.]]],


        [[[0., 0., 0., 0.],
          [0., 0., 0., 0.],
          [0., 0., 0., 0.],
          [0., 0., 0., 0.]],

         [[0., 0., 0., 0.],
          [0., 0., 0., 0.],
          [0., 0., 0., 0.],
          [0., 0., 0., 0.]],

         [[0., 0., 0., 0.],
          [0., 0., 0., 0.],
          [0., 0., 0., 0.],
          [0., 0., 0., 0.]],

         ...,

         [[0., 0., 0., 0.],
          [0., 0., 0., 0.],
          [0., 0., 0., 0.],
          [0., 0., 0., 0.]],

         [[0., 0., 0., 0.],
          [0., 0., 0., 0.],
          [0., 0., 0., 0.],
          [0., 0., 0., 0.]],

         [[0., 0., 0., 0.],
          [0., 0., 0., 0.],
          [0., 0., 0., 0.],
          [0., 0., 0., 0.]]],


        [[[0., 0., 0., 0.],
          [0., 0., 0., 0.],
          [0., 0., 0., 0.],
          [0., 0., 0., 0.]],

         [[0., 0., 0., 0.],
          [0., 0., 0., 0.],
          [0., 0., 0., 0.],
          [0., 0., 0., 0.]],

         [[0., 0., 0., 0.],
          [0., 0., 0., 0.],
          [0., 0., 0., 0.],
          [0., 0., 0., 0.]],

         ...,

         [[0., 0., 0., 0.],
          [0., 0., 0., 0.],
          [0., 0., 0., 0.],
          [0., 0., 0., 0.]],

         [[0., 0., 0., 0.],
          [0., 0., 0., 0.],
          [0., 0., 0., 0.],
          [0., 0., 0., 0.]],

         [[0., 0., 0., 0.],
          [0., 0., 0., 0.],
          [0., 0., 0., 0.],
          [0., 0., 0., 0.]]],


        ...,


        [[[0., 0., 0., 0.],
          [0., 0., 0., 0.],
          [0., 0., 0., 0.],
          [0., 0., 0., 0.]],

         [[0., 0., 0., 0.],
          [0., 0., 0., 0.],
          [0., 0., 0., 0.],
          [0., 0., 0., 0.]],

         [[0., 0., 0., 0.],
          [0., 0., 0., 0.],
          [0., 0., 0., 0.],
          [0., 0., 0., 0.]],

         ...,

         [[0., 0., 0., 0.],
          [0., 0., 0., 0.],
          [0., 0., 0., 0.],
          [0., 0., 0., 0.]],

         [[0., 0., 0., 0.],
          [0., 0., 0., 0.],
          [0., 0., 0., 0.],
          [0., 0., 0., 0.]],

         [[0., 0., 0., 0.],
          [0., 0., 0., 0.],
          [0., 0., 0., 0.],
          [0., 0., 0., 0.]]],


        [[[0., 0., 0., 0.],
          [0., 0., 0., 0.],
          [0., 0., 0., 0.],
          [0., 0., 0., 0.]],

         [[0., 0., 0., 0.],
          [0., 0., 0., 0.],
          [0., 0., 0., 0.],
          [0., 0., 0., 0.]],

         [[0., 0., 0., 0.],
          [0., 0., 0., 0.],
          [0., 0., 0., 0.],
          [0., 0., 0., 0.]],

         ...,

         [[0., 0., 0., 0.],
          [0., 0., 0., 0.],
          [0., 0., 0., 0.],
          [0., 0., 0., 0.]],

         [[0., 0., 0., 0.],
          [0., 0., 0., 0.],
          [0., 0., 0., 0.],
          [0., 0., 0., 0.]],

         [[0., 0., 0., 0.],
          [0., 0., 0., 0.],
          [0., 0., 0., 0.],
          [0., 0., 0., 0.]]],


        [[[0., 0., 0., 0.],
          [0., 0., 0., 0.],
          [0., 0., 0., 0.],
          [0., 0., 0., 0.]],

         [[0., 0., 0., 0.],
          [0., 0., 0., 0.],
          [0., 0., 0., 0.],
          [0., 0., 0., 0.]],

         [[0., 0., 0., 0.],
          [0., 0., 0., 0.],
          [0., 0., 0., 0.],
          [0., 0., 0., 0.]],

         ...,

         [[0., 0., 0., 0.],
          [0., 0., 0., 0.],
          [0., 0., 0., 0.],
          [0., 0., 0., 0.]],

         [[0., 0., 0., 0.],
          [0., 0., 0., 0.],
          [0., 0., 0., 0.],
          [0., 0., 0., 0.]],

         [[0., 0., 0., 0.],
          [0., 0., 0., 0.],
          [0., 0., 0., 0.],
          [0., 0., 0., 0.]]]], device='cuda:0')l3.0.module.bias tensor([0., 0., 0., 0., 0., 0., 0., 0., 0., 0., 0., 0., 0., 0., 0., 0., 0., 0.,
        0., 0., 0., 0., 0., 0., 0., 0., 0., 0., 0., 0., 0., 0., 0., 0., 0., 0.,
        0., 0., 0., 0., 0., 0., 0., 0., 0., 0., 0., 0., 0., 0., 0., 0., 0., 0.,
        0., 0., 0., 0., 0., 0., 0., 0., 0., 0., 0., 0., 0., 0., 0., 0., 0., 0.,
        0., 0., 0., 0., 0., 0., 0., 0., 0., 0., 0., 0., 0., 0., 0., 0., 0., 0.,
        0., 0., 0., 0., 0., 0., 0., 0., 0., 0., 0., 0., 0., 0., 0., 0., 0., 0.,
        0., 0., 0., 0., 0., 0., 0., 0., 0., 0., 0., 0., 0., 0., 0., 0., 0., 0.,
        0., 0., 0., 0., 0., 0., 0., 0., 0., 0., 0., 0., 0., 0., 0., 0., 0., 0.,
        0., 0., 0., 0., 0., 0., 0., 0., 0., 0., 0., 0., 0., 0., 0., 0., 0., 0.,
        0., 0., 0., 0., 0., 0., 0., 0., 0., 0., 0., 0., 0., 0., 0., 0., 0., 0.,
        0., 0., 0., 0., 0., 0., 0., 0., 0., 0., 0., 0., 0., 0., 0., 0., 0., 0.,
        0., 0., 0., 0., 0., 0., 0., 0., 0., 0., 0., 0., 0., 0., 0., 0., 0., 0.,
        0., 0., 0., 0., 0., 0., 0., 0., 0., 0., 0., 0., 0., 0., 0., 0., 0., 0.,
        0., 0., 0., 0., 0., 0., 0., 0., 0., 0., 0., 0., 0., 0., 0., 0., 0., 0.,
        0., 0., 0., 0.], device='cuda:0')l3.0.module.weight_u Nonel3.0.module.weight_v Nonel3.0.module.weight_bar tensor([[[[0., 0., 0., 0.],
          [0., 0., 0., 0.],
          [0., 0., 0., 0.],
          [0., 0., 0., 0.]],

         [[0., 0., 0., 0.],
          [0., 0., 0., 0.],
          [0., 0., 0., 0.],
          [0., 0., 0., 0.]],

         [[0., 0., 0., 0.],
          [0., 0., 0., 0.],
          [0., 0., 0., 0.],
          [0., 0., 0., 0.]],

         ...,

         [[0., 0., 0., 0.],
          [0., 0., 0., 0.],
          [0., 0., 0., 0.],
          [0., 0., 0., 0.]],

         [[0., 0., 0., 0.],
          [0., 0., 0., 0.],
          [0., 0., 0., 0.],
          [0., 0., 0., 0.]],

         [[0., 0., 0., 0.],
          [0., 0., 0., 0.],
          [0., 0., 0., 0.],
          [0., 0., 0., 0.]]],


        [[[0., 0., 0., 0.],
          [0., 0., 0., 0.],
          [0., 0., 0., 0.],
          [0., 0., 0., 0.]],

         [[0., 0., 0., 0.],
          [0., 0., 0., 0.],
          [0., 0., 0., 0.],
          [0., 0., 0., 0.]],

         [[0., 0., 0., 0.],
          [0., 0., 0., 0.],
          [0., 0., 0., 0.],
          [0., 0., 0., 0.]],

         ...,

         [[0., 0., 0., 0.],
          [0., 0., 0., 0.],
          [0., 0., 0., 0.],
          [0., 0., 0., 0.]],

         [[0., 0., 0., 0.],
          [0., 0., 0., 0.],
          [0., 0., 0., 0.],
          [0., 0., 0., 0.]],

         [[0., 0., 0., 0.],
          [0., 0., 0., 0.],
          [0., 0., 0., 0.],
          [0., 0., 0., 0.]]],


        [[[0., 0., 0., 0.],
          [0., 0., 0., 0.],
          [0., 0., 0., 0.],
          [0., 0., 0., 0.]],

         [[0., 0., 0., 0.],
          [0., 0., 0., 0.],
          [0., 0., 0., 0.],
          [0., 0., 0., 0.]],

         [[0., 0., 0., 0.],
          [0., 0., 0., 0.],
          [0., 0., 0., 0.],
          [0., 0., 0., 0.]],

         ...,

         [[0., 0., 0., 0.],
          [0., 0., 0., 0.],
          [0., 0., 0., 0.],
          [0., 0., 0., 0.]],

         [[0., 0., 0., 0.],
          [0., 0., 0., 0.],
          [0., 0., 0., 0.],
          [0., 0., 0., 0.]],

         [[0., 0., 0., 0.],
          [0., 0., 0., 0.],
          [0., 0., 0., 0.],
          [0., 0., 0., 0.]]],


        ...,


        [[[0., 0., 0., 0.],
          [0., 0., 0., 0.],
          [0., 0., 0., 0.],
          [0., 0., 0., 0.]],

         [[0., 0., 0., 0.],
          [0., 0., 0., 0.],
          [0., 0., 0., 0.],
          [0., 0., 0., 0.]],

         [[0., 0., 0., 0.],
          [0., 0., 0., 0.],
          [0., 0., 0., 0.],
          [0., 0., 0., 0.]],

         ...,

         [[0., 0., 0., 0.],
          [0., 0., 0., 0.],
          [0., 0., 0., 0.],
          [0., 0., 0., 0.]],

         [[0., 0., 0., 0.],
          [0., 0., 0., 0.],
          [0., 0., 0., 0.],
          [0., 0., 0., 0.]],

         [[0., 0., 0., 0.],
          [0., 0., 0., 0.],
          [0., 0., 0., 0.],
          [0., 0., 0., 0.]]],


        [[[0., 0., 0., 0.],
          [0., 0., 0., 0.],
          [0., 0., 0., 0.],
          [0., 0., 0., 0.]],

         [[0., 0., 0., 0.],
          [0., 0., 0., 0.],
          [0., 0., 0., 0.],
          [0., 0., 0., 0.]],

         [[0., 0., 0., 0.],
          [0., 0., 0., 0.],
          [0., 0., 0., 0.],
          [0., 0., 0., 0.]],

         ...,

         [[0., 0., 0., 0.],
          [0., 0., 0., 0.],
          [0., 0., 0., 0.],
          [0., 0., 0., 0.]],

         [[0., 0., 0., 0.],
          [0., 0., 0., 0.],
          [0., 0., 0., 0.],
          [0., 0., 0., 0.]],

         [[0., 0., 0., 0.],
          [0., 0., 0., 0.],
          [0., 0., 0., 0.],
          [0., 0., 0., 0.]]],


        [[[0., 0., 0., 0.],
          [0., 0., 0., 0.],
          [0., 0., 0., 0.],
          [0., 0., 0., 0.]],

         [[0., 0., 0., 0.],
          [0., 0., 0., 0.],
          [0., 0., 0., 0.],
          [0., 0., 0., 0.]],

         [[0., 0., 0., 0.],
          [0., 0., 0., 0.],
          [0., 0., 0., 0.],
          [0., 0., 0., 0.]],

         ...,

         [[0., 0., 0., 0.],
          [0., 0., 0., 0.],
          [0., 0., 0., 0.],
          [0., 0., 0., 0.]],

         [[0., 0., 0., 0.],
          [0., 0., 0., 0.],
          [0., 0., 0., 0.],
          [0., 0., 0., 0.]],

         [[0., 0., 0., 0.],
          [0., 0., 0., 0.],
          [0., 0., 0., 0.],
          [0., 0., 0., 0.]]]], device='cuda:0')last.0.weight tensor([[[[0., 0., 0., 0.],
          [0., 0., 0., 0.],
          [0., 0., 0., 0.],
          [0., 0., 0., 0.]],

         [[0., 0., 0., 0.],
          [0., 0., 0., 0.],
          [0., 0., 0., 0.],
          [0., 0., 0., 0.]],

         [[0., 0., 0., 0.],
          [0., 0., 0., 0.],
          [0., 0., 0., 0.],
          [0., 0., 0., 0.]],

         ...,

         [[0., 0., 0., 0.],
          [0., 0., 0., 0.],
          [0., 0., 0., 0.],
          [0., 0., 0., 0.]],

         [[0., 0., 0., 0.],
          [0., 0., 0., 0.],
          [0., 0., 0., 0.],
          [0., 0., 0., 0.]],

         [[0., 0., 0., 0.],
          [0., 0., 0., 0.],
          [0., 0., 0., 0.],
          [0., 0., 0., 0.]]]], device='cuda:0')last.0.bias tensor([0.], device='cuda:0')attn1.gamma tensor([0.], device='cuda:0')attn1.query_conv.weight tensor([[[[0.]],

         [[0.]],

         [[0.]],

         ...,

         [[0.]],

         [[0.]],

         [[0.]]],


        [[[0.]],

         [[0.]],

         [[0.]],

         ...,

         [[0.]],

         [[0.]],

         [[0.]]],


        [[[0.]],

         [[0.]],

         [[0.]],

         ...,

         [[0.]],

         [[0.]],

         [[0.]]],


        ...,


        [[[0.]],

         [[0.]],

         [[0.]],

         ...,

         [[0.]],

         [[0.]],

         [[0.]]],


        [[[0.]],

         [[0.]],

         [[0.]],

         ...,

         [[0.]],

         [[0.]],

         [[0.]]],


        [[[0.]],

         [[0.]],

         [[0.]],

         ...,

         [[0.]],

         [[0.]],

         [[0.]]]], device='cuda:0')attn1.query_conv.bias tensor([0., 0., 0., 0., 0., 0., 0., 0., 0., 0., 0., 0., 0., 0., 0., 0., 0., 0.,
        0., 0., 0., 0., 0., 0., 0., 0., 0., 0., 0., 0., 0., 0.],
       device='cuda:0')attn1.key_conv.weight tensor([[[[0.]],

         [[0.]],

         [[0.]],

         ...,

         [[0.]],

         [[0.]],

         [[0.]]],


        [[[0.]],

         [[0.]],

         [[0.]],

         ...,

         [[0.]],

         [[0.]],

         [[0.]]],


        [[[0.]],

         [[0.]],

         [[0.]],

         ...,

         [[0.]],

         [[0.]],

         [[0.]]],


        ...,


        [[[0.]],

         [[0.]],

         [[0.]],

         ...,

         [[0.]],

         [[0.]],

         [[0.]]],


        [[[0.]],

         [[0.]],

         [[0.]],

         ...,

         [[0.]],

         [[0.]],

         [[0.]]],


        [[[0.]],

         [[0.]],

         [[0.]],

         ...,

         [[0.]],

         [[0.]],

         [[0.]]]], device='cuda:0')attn1.key_conv.bias tensor([0., 0., 0., 0., 0., 0., 0., 0., 0., 0., 0., 0., 0., 0., 0., 0., 0., 0.,
        0., 0., 0., 0., 0., 0., 0., 0., 0., 0., 0., 0., 0., 0.],
       device='cuda:0')attn1.value_conv.weight tensor([[[[0.]],

         [[0.]],

         [[0.]],

         ...,

         [[0.]],

         [[0.]],

         [[0.]]],


        [[[0.]],

         [[0.]],

         [[0.]],

         ...,

         [[0.]],

         [[0.]],

         [[0.]]],


        [[[0.]],

         [[0.]],

         [[0.]],

         ...,

         [[0.]],

         [[0.]],

         [[0.]]],


        ...,


        [[[0.]],

         [[0.]],

         [[0.]],

         ...,

         [[0.]],

         [[0.]],

         [[0.]]],


        [[[0.]],

         [[0.]],

         [[0.]],

         ...,

         [[0.]],

         [[0.]],

         [[0.]]],


        [[[0.]],

         [[0.]],

         [[0.]],

         ...,

         [[0.]],

         [[0.]],

         [[0.]]]], device='cuda:0')attn1.value_conv.bias tensor([0., 0., 0., 0., 0., 0., 0., 0., 0., 0., 0., 0., 0., 0., 0., 0., 0., 0.,
        0., 0., 0., 0., 0., 0., 0., 0., 0., 0., 0., 0., 0., 0., 0., 0., 0., 0.,
        0., 0., 0., 0., 0., 0., 0., 0., 0., 0., 0., 0., 0., 0., 0., 0., 0., 0.,
        0., 0., 0., 0., 0., 0., 0., 0., 0., 0., 0., 0., 0., 0., 0., 0., 0., 0.,
        0., 0., 0., 0., 0., 0., 0., 0., 0., 0., 0., 0., 0., 0., 0., 0., 0., 0.,
        0., 0., 0., 0., 0., 0., 0., 0., 0., 0., 0., 0., 0., 0., 0., 0., 0., 0.,
        0., 0., 0., 0., 0., 0., 0., 0., 0., 0., 0., 0., 0., 0., 0., 0., 0., 0.,
        0., 0., 0., 0., 0., 0., 0., 0., 0., 0., 0., 0., 0., 0., 0., 0., 0., 0.,
        0., 0., 0., 0., 0., 0., 0., 0., 0., 0., 0., 0., 0., 0., 0., 0., 0., 0.,
        0., 0., 0., 0., 0., 0., 0., 0., 0., 0., 0., 0., 0., 0., 0., 0., 0., 0.,
        0., 0., 0., 0., 0., 0., 0., 0., 0., 0., 0., 0., 0., 0., 0., 0., 0., 0.,
        0., 0., 0., 0., 0., 0., 0., 0., 0., 0., 0., 0., 0., 0., 0., 0., 0., 0.,
        0., 0., 0., 0., 0., 0., 0., 0., 0., 0., 0., 0., 0., 0., 0., 0., 0., 0.,
        0., 0., 0., 0., 0., 0., 0., 0., 0., 0., 0., 0., 0., 0., 0., 0., 0., 0.,
        0., 0., 0., 0.], device='cuda:0')attn2.gamma tensor([0.], device='cuda:0')attn2.query_conv.weight tensor([[[[0.]],

         [[0.]],

         [[0.]],

         ...,

         [[0.]],

         [[0.]],

         [[0.]]],


        [[[0.]],

         [[0.]],

         [[0.]],

         ...,

         [[0.]],

         [[0.]],

         [[0.]]],


        [[[0.]],

         [[0.]],

         [[0.]],

         ...,

         [[0.]],

         [[0.]],

         [[0.]]],


        ...,


        [[[0.]],

         [[0.]],

         [[0.]],

         ...,

         [[0.]],

         [[0.]],

         [[0.]]],


        [[[0.]],

         [[0.]],

         [[0.]],

         ...,

         [[0.]],

         [[0.]],

         [[0.]]],


        [[[0.]],

         [[0.]],

         [[0.]],

         ...,

         [[0.]],

         [[0.]],

         [[0.]]]], device='cuda:0')attn2.query_conv.bias tensor([0., 0., 0., 0., 0., 0., 0., 0., 0., 0., 0., 0., 0., 0., 0., 0., 0., 0.,
        0., 0., 0., 0., 0., 0., 0., 0., 0., 0., 0., 0., 0., 0., 0., 0., 0., 0.,
        0., 0., 0., 0., 0., 0., 0., 0., 0., 0., 0., 0., 0., 0., 0., 0., 0., 0.,
        0., 0., 0., 0., 0., 0., 0., 0., 0., 0.], device='cuda:0')attn2.key_conv.weight tensor([[[[0.]],

         [[0.]],

         [[0.]],

         ...,

         [[0.]],

         [[0.]],

         [[0.]]],


        [[[0.]],

         [[0.]],

         [[0.]],

         ...,

         [[0.]],

         [[0.]],

         [[0.]]],


        [[[0.]],

         [[0.]],

         [[0.]],

         ...,

         [[0.]],

         [[0.]],

         [[0.]]],


        ...,


        [[[0.]],

         [[0.]],

         [[0.]],

         ...,

         [[0.]],

         [[0.]],

         [[0.]]],


        [[[0.]],

         [[0.]],

         [[0.]],

         ...,

         [[0.]],

         [[0.]],

         [[0.]]],


        [[[0.]],

         [[0.]],

         [[0.]],

         ...,

         [[0.]],

         [[0.]],

         [[0.]]]], device='cuda:0')attn2.key_conv.bias tensor([0., 0., 0., 0., 0., 0., 0., 0., 0., 0., 0., 0., 0., 0., 0., 0., 0., 0.,
        0., 0., 0., 0., 0., 0., 0., 0., 0., 0., 0., 0., 0., 0., 0., 0., 0., 0.,
        0., 0., 0., 0., 0., 0., 0., 0., 0., 0., 0., 0., 0., 0., 0., 0., 0., 0.,
        0., 0., 0., 0., 0., 0., 0., 0., 0., 0.], device='cuda:0')attn2.value_conv.weight tensor([[[[0.]],

         [[0.]],

         [[0.]],

         ...,

         [[0.]],

         [[0.]],

         [[0.]]],


        [[[0.]],

         [[0.]],

         [[0.]],

         ...,

         [[0.]],

         [[0.]],

         [[0.]]],


        [[[0.]],

         [[0.]],

         [[0.]],

         ...,

         [[0.]],

         [[0.]],

         [[0.]]],


        ...,


        [[[0.]],

         [[0.]],

         [[0.]],

         ...,

         [[0.]],

         [[0.]],

         [[0.]]],


        [[[0.]],

         [[0.]],

         [[0.]],

         ...,

         [[0.]],

         [[0.]],

         [[0.]]],


        [[[0.]],

         [[0.]],

         [[0.]],

         ...,

         [[0.]],

         [[0.]],

         [[0.]]]], device='cuda:0')attn2.value_conv.bias tensor([0., 0., 0., 0., 0., 0., 0., 0., 0., 0., 0., 0., 0., 0., 0., 0., 0., 0.,
        0., 0., 0., 0., 0., 0., 0., 0., 0., 0., 0., 0., 0., 0., 0., 0., 0., 0.,
        0., 0., 0., 0., 0., 0., 0., 0., 0., 0., 0., 0., 0., 0., 0., 0., 0., 0.,
        0., 0., 0., 0., 0., 0., 0., 0., 0., 0., 0., 0., 0., 0., 0., 0., 0., 0.,
        0., 0., 0., 0., 0., 0., 0., 0., 0., 0., 0., 0., 0., 0., 0., 0., 0., 0.,
        0., 0., 0., 0., 0., 0., 0., 0., 0., 0., 0., 0., 0., 0., 0., 0., 0., 0.,
        0., 0., 0., 0., 0., 0., 0., 0., 0., 0., 0., 0., 0., 0., 0., 0., 0., 0.,
        0., 0., 0., 0., 0., 0., 0., 0., 0., 0., 0., 0., 0., 0., 0., 0., 0., 0.,
        0., 0., 0., 0., 0., 0., 0., 0., 0., 0., 0., 0., 0., 0., 0., 0., 0., 0.,
        0., 0., 0., 0., 0., 0., 0., 0., 0., 0., 0., 0., 0., 0., 0., 0., 0., 0.,
        0., 0., 0., 0., 0., 0., 0., 0., 0., 0., 0., 0., 0., 0., 0., 0., 0., 0.,
        0., 0., 0., 0., 0., 0., 0., 0., 0., 0., 0., 0., 0., 0., 0., 0., 0., 0.,
        0., 0., 0., 0., 0., 0., 0., 0., 0., 0., 0., 0., 0., 0., 0., 0., 0., 0.,
        0., 0., 0., 0., 0., 0., 0., 0., 0., 0., 0., 0., 0., 0., 0., 0., 0., 0.,
        0., 0., 0., 0., 0., 0., 0., 0., 0., 0., 0., 0., 0., 0., 0., 0., 0., 0.,
        0., 0., 0., 0., 0., 0., 0., 0., 0., 0., 0., 0., 0., 0., 0., 0., 0., 0.,
        0., 0., 0., 0., 0., 0., 0., 0., 0., 0., 0., 0., 0., 0., 0., 0., 0., 0.,
        0., 0., 0., 0., 0., 0., 0., 0., 0., 0., 0., 0., 0., 0., 0., 0., 0., 0.,
        0., 0., 0., 0., 0., 0., 0., 0., 0., 0., 0., 0., 0., 0., 0., 0., 0., 0.,
        0., 0., 0., 0., 0., 0., 0., 0., 0., 0., 0., 0., 0., 0., 0., 0., 0., 0.,
        0., 0., 0., 0., 0., 0., 0., 0., 0., 0., 0., 0., 0., 0., 0., 0., 0., 0.,
        0., 0., 0., 0., 0., 0., 0., 0., 0., 0., 0., 0., 0., 0., 0., 0., 0., 0.,
        0., 0., 0., 0., 0., 0., 0., 0., 0., 0., 0., 0., 0., 0., 0., 0., 0., 0.,
        0., 0., 0., 0., 0., 0., 0., 0., 0., 0., 0., 0., 0., 0., 0., 0., 0., 0.,
        0., 0., 0., 0., 0., 0., 0., 0., 0., 0., 0., 0., 0., 0., 0., 0., 0., 0.,
        0., 0., 0., 0., 0., 0., 0., 0., 0., 0., 0., 0., 0., 0., 0., 0., 0., 0.,
        0., 0., 0., 0., 0., 0., 0., 0., 0., 0., 0., 0., 0., 0., 0., 0., 0., 0.,
        0., 0., 0., 0., 0., 0., 0., 0., 0., 0., 0., 0., 0., 0., 0., 0., 0., 0.,
        0., 0., 0., 0., 0., 0., 0., 0.], device='cuda:0')preprocess_additional.weight tensor([0., 0., 0., 0., 0., 0., 0., 0., 0., 0., 0., 0., 0., 0., 0., 0., 0., 0.,
        0.], device='cuda:0')preprocess_additional.bias tensor([0., 0., 0., 0., 0., 0., 0., 0., 0., 0., 0., 0., 0., 0., 0., 0., 0., 0.,
        0.], device='cuda:0')